63
Párt1 1 45965 15
Párt2 0 58141 10
Párt3 1 130488 10
Párt4 1 53009 5
Párt5 0 101244 5
Párt6 0 191652 10
Párt7 1 79113 10
Párt8 1 95064 10
Párt9 1 24243 10
Párt10 1 159186 5
Párt11 0 58158 10
Párt12 1 182903 5
Párt13 1 100494 10
Párt14 1 194745 5
Párt15 0 108848 10
Párt16 0 136617 15
Párt17 0 176399 5
Párt18 0 132254 10
Párt19 1 42490 10
Párt20 1 82720 5
Párt21 1 144661 5
Párt22 0 157689 5
Párt23 0 62644 5
Párt24 1 61382 5
Párt25 0 130478 10
Párt26 1 8580038 10
Párt27 0 93748 5
Párt28 1 159592 5
Párt29 1 37573 10
Párt30 1 36297 5
Párt31 1 17482 10
Párt32 0 147826 10
Párt33 1 42262 10
Párt34 0 58941 10
Párt35 1 178301 15
Párt36 1 143241 5
Párt37 1 58301 10
Párt38 0 174618 10
Párt39 0 41546 5
Párt40 0 60574 5
Párt41 1 108102 5
Párt42 1 106517 10
Párt43 1 83341 15
Párt44 1 107501 5
Párt45 1 156819 10
Párt46 1 159418 5
Párt47 0 87760 5
Párt48 0 21774 10
Párt49 0 21661 10
Párt50 0 66934 5
Párt51 0 60129 5
Párt52 0 198531 5
Párt53 1 34353 5
Párt54 0 27810 10
Párt55 0 165740 10
Párt56 0 194882 5
Párt57 0 120920 10
Párt58 0 6550 5
Párt59 1 136160 5
Párt60 0 9363964 10
Párt61 0 131038 10
