2választás
Osztói:45965 22982 15322 11491 9193 7661 6566 5746 5107 4596 4179 3830 3536 3283 3064 2873 2704 2554 2419 2298 2189 2089 1998 1915 1839 1768 1702 1642 1585 1532 1483 1436 1393 1352 1313 1277 1242 1210 1179 1149 1121 1094 1069 1045 1021 999 978 958 938 919 901 884 867 851 836 821 806 792 779 766 754 741 730 
Osztói:58141 29070 19380 14535 11628 9690 8306 7268 6460 5814 5286 4845 4472 4153 3876 3634 3420 3230 3060 2907 2769 2643 2528 2423 2326 2236 2153 2076 2005 1938 1876 1817 1762 1710 1661 1615 1571 1530 1491 1454 1418 1384 1352 1321 1292 1264 1237 1211 1187 1163 1140 1118 1097 1077 1057 1038 1020 1002 985 969 953 938 923 
Osztói:130488 65244 43496 32622 26098 21748 18641 16311 14499 13049 11863 10874 10038 9321 8699 8156 7676 7249 6868 6524 6214 5931 5673 5437 5220 5019 4833 4660 4500 4350 4209 4078 3954 3838 3728 3625 3527 3434 3346 3262 3183 3107 3035 2966 2900 2837 2776 2718 2663 2610 2559 2509 2462 2416 2373 2330 2289 2250 2212 2175 2139 2105 2071 
Osztói:53009 26504 17670 13252 10602 8835 7573 6626 5890 5301 4819 4417 4078 3786 3534 3313 3118 2945 2790 2650 2524 2410 2305 2209 2120 2039 1963 1893 1828 1767 1710 1657 1606 1559 1515 1472 1433 1395 1359 1325 1293 1262 1233 1205 1178 1152 1128 1104 1082 1060 1039 1019 1000 982 964 947 930 914 898 883 869 855 841 
Osztói:101244 50622 33748 25311 20249 16874 14463 12656 11249 10124 9204 8437 7788 7232 6750 6328 5956 5625 5329 5062 4821 4602 4402 4218 4050 3894 3750 3616 3491 3375 3266 3164 3068 2978 2893 2812 2736 2664 2596 2531 2469 2411 2355 2301 2250 2201 2154 2109 2066 2025 1985 1947 1910 1875 1841 1808 1776 1746 1716 1687 1660 1633 1607 
Osztói:191652 95826 63884 47913 38330 31942 27379 23956 21295 19165 17423 15971 14742 13689 12777 11978 11274 10647 10087 9583 9126 8711 8333 7986 7666 7371 7098 6845 6609 6388 6182 5989 5808 5637 5476 5324 5180 5043 4914 4791 4674 4563 4457 4356 4259 4166 4078 3993 3911 3833 3758 3686 3616 3549 3485 3422 3362 3304 3248 3194 3142 3091 3042 
Osztói:79113 39556 26371 19778 15823 13186 11302 9889 8790 7911 7192 6593 6086 5651 5274 4945 4654 4395 4164 3956 3767 3596 3440 3296 3165 3043 2930 2825 2728 2637 2552 2472 2397 2327 2260 2198 2138 2082 2029 1978 1930 1884 1840 1798 1758 1720 1683 1648 1615 1582 1551 1521 1493 1465 1438 1413 1388 1364 1341 1319 1297 1276 1256 
Osztói:95064 47532 31688 23766 19013 15844 13581 11883 10563 9506 8642 7922 7313 6790 6338 5942 5592 5281 5003 4753 4527 4321 4133 3961 3803 3656 3521 3395 3278 3169 3067 2971 2881 2796 2716 2641 2569 2502 2438 2377 2319 2263 2211 2161 2113 2067 2023 1980 1940 1901 1864 1828 1794 1760 1728 1698 1668 1639 1611 1584 1558 1533 1509 
Osztói:24243 12122 8081 6061 4849 4040 3463 3030 2694 2424 2204 2020 1865 1732 1616 1515 1426 1347 1276 1212 1154 1102 1054 1010 970 932 898 866 836 808 782 758 735 713 693 673 655 638 622 606 591 577 564 551 539 527 516 505 495 485 475 466 457 449 441 433 425 418 411 404 397 391 385 
Osztói:159186 79593 53062 39796 31837 26531 22741 19898 17687 15919 14471 13266 12245 11370 10612 9949 9364 8844 8378 7959 7580 7236 6921 6633 6367 6123 5896 5685 5489 5306 5135 4975 4824 4682 4548 4422 4302 4189 4082 3980 3883 3790 3702 3618 3537 3461 3387 3316 3249 3184 3121 3061 3004 2948 2894 2843 2793 2745 2698 2653 2610 2568 2527 
Osztói:58158 29079 19386 14540 11632 9693 8308 7270 6462 5816 5287 4846 4474 4154 3877 3635 3421 3231 3061 2908 2769 2644 2529 2423 2326 2237 2154 2077 2005 1939 1876 1817 1762 1711 1662 1616 1572 1530 1491 1454 1418 1385 1353 1322 1292 1264 1237 1212 1187 1163 1140 1118 1097 1077 1057 1039 1020 1003 986 969 953 938 923 
Osztói:182903 91452 60968 45726 36581 30484 26129 22863 20323 18290 16628 15242 14069 13064 12194 11431 10759 10161 9626 9145 8710 8314 7952 7621 7316 7035 6774 6532 6307 6097 5900 5716 5543 5380 5226 5081 4943 4813 4690 4573 4461 4355 4254 4157 4065 3976 3892 3810 3733 3658 3586 3517 3451 3387 3326 3266 3209 3154 3100 3048 2998 2950 2903 
Osztói:100494 50247 33498 25124 20099 16749 14356 12562 11166 10049 9136 8374 7730 7178 6700 6281 5911 5583 5289 5025 4785 4568 4369 4187 4020 3865 3722 3589 3465 3350 3242 3140 3045 2956 2871 2792 2716 2645 2577 2512 2451 2393 2337 2284 2233 2185 2138 2094 2051 2010 1970 1933 1896 1861 1827 1795 1763 1733 1703 1675 1647 1621 1595 
Osztói:194745 97372 64915 48686 38949 32458 27821 24343 21638 19474 17704 16229 14980 13910 12983 12172 11456 10819 10250 9737 9274 8852 8467 8114 7790 7490 7213 6955 6715 6492 6282 6086 5901 5728 5564 5410 5263 5125 4993 4869 4750 4637 4529 4426 4328 4234 4144 4057 3974 3895 3819 3745 3674 3606 3541 3478 3417 3358 3301 3246 3193 3141 3091 
Osztói:108848 54424 36283 27212 21770 18141 15550 13606 12094 10885 9895 9071 8373 7775 7257 6803 6403 6047 5729 5442 5183 4948 4733 4535 4354 4186 4031 3887 3753 3628 3511 3402 3298 3201 3110 3024 2942 2864 2791 2721 2655 2592 2531 2474 2419 2366 2316 2268 2221 2177 2134 2093 2054 2016 1979 1944 1910 1877 1845 1814 1784 1756 1728 
Osztói:136617 68308 45539 34154 27323 22770 19517 17077 15180 13662 12420 11385 10509 9758 9108 8539 8036 7590 7190 6831 6506 6210 5940 5692 5465 5254 5060 4879 4711 4554 4407 4269 4140 4018 3903 3795 3692 3595 3503 3415 3332 3253 3177 3105 3036 2970 2907 2846 2788 2732 2679 2627 2578 2530 2484 2440 2397 2355 2316 2277 2240 2204 2169 
Osztói:176399 88200 58800 44100 35280 29400 25200 22050 19600 17640 16036 14700 13569 12600 11760 11025 10376 9800 9284 8820 8400 8018 7670 7350 7056 6785 6533 6300 6083 5880 5690 5512 5345 5188 5040 4900 4768 4642 4523 4410 4302 4200 4102 4009 3920 3835 3753 3675 3600 3528 3459 3392 3328 3267 3207 3150 3095 3041 2990 2940 2892 2845 2800 
Osztói:132254 66127 44085 33064 26451 22042 18893 16532 14695 13225 12023 11021 10173 9447 8817 8266 7780 7347 6961 6613 6298 6012 5750 5511 5290 5087 4898 4723 4560 4408 4266 4133 4008 3890 3779 3674 3574 3480 3391 3306 3226 3149 3076 3006 2939 2875 2814 2755 2699 2645 2593 2543 2495 2449 2405 2362 2320 2280 2242 2204 2168 2133 2099 
Osztói:42490 21245 14163 10622 8498 7082 6070 5311 4721 4249 3863 3541 3268 3035 2833 2656 2499 2361 2236 2124 2023 1931 1847 1770 1700 1634 1574 1518 1465 1416 1371 1328 1288 1250 1214 1180 1148 1118 1089 1062 1036 1012 988 966 944 924 904 885 867 850 833 817 802 787 773 759 745 733 720 708 697 685 674 
Osztói:82720 41360 27573 20680 16544 13787 11817 10340 9191 8272 7520 6893 6363 5909 5515 5170 4866 4596 4354 4136 3939 3760 3597 3447 3309 3182 3064 2954 2852 2757 2668 2585 2507 2433 2363 2298 2236 2177 2121 2068 2018 1970 1924 1880 1838 1798 1760 1723 1688 1654 1622 1591 1561 1532 1504 1477 1451 1426 1402 1379 1356 1334 1313 
Osztói:144661 72330 48220 36165 28932 24110 20666 18083 16073 14466 13151 12055 11128 10333 9644 9041 8509 8037 7614 7233 6889 6576 6290 6028 5786 5564 5358 5166 4988 4822 4666 4521 4384 4255 4133 4018 3910 3807 3709 3617 3528 3444 3364 3288 3215 3145 3078 3014 2952 2893 2836 2782 2729 2679 2630 2583 2538 2494 2452 2411 2371 2333 2296 
Osztói:157689 78844 52563 39422 31538 26282 22527 19711 17521 15769 14335 13141 12130 11264 10513 9856 9276 8760 8299 7884 7509 7168 6856 6570 6308 6065 5840 5632 5438 5256 5087 4928 4778 4638 4505 4380 4262 4150 4043 3942 3846 3754 3667 3584 3504 3428 3355 3285 3218 3154 3092 3032 2975 2920 2867 2816 2766 2719 2673 2628 2585 2543 2503 
Osztói:62644 31322 20881 15661 12529 10441 8949 7830 6960 6264 5695 5220 4819 4475 4176 3915 3685 3480 3297 3132 2983 2847 2724 2610 2506 2409 2320 2237 2160 2088 2021 1958 1898 1842 1790 1740 1693 1649 1606 1566 1528 1492 1457 1424 1392 1362 1333 1305 1278 1253 1228 1205 1182 1160 1139 1119 1099 1080 1062 1044 1027 1010 994 
Osztói:61382 30691 20461 15346 12276 10230 8769 7673 6820 6138 5580 5115 4722 4384 4092 3836 3611 3410 3231 3069 2923 2790 2669 2558 2455 2361 2273 2192 2117 2046 1980 1918 1860 1805 1754 1705 1659 1615 1574 1535 1497 1461 1427 1395 1364 1334 1306 1279 1253 1228 1204 1180 1158 1137 1116 1096 1077 1058 1040 1023 1006 990 974 
Osztói:130478 65239 43493 32620 26096 21746 18640 16310 14498 13048 11862 10873 10037 9320 8699 8155 7675 7249 6867 6524 6213 5931 5673 5437 5219 5018 4833 4660 4499 4349 4209 4077 3954 3838 3728 3624 3526 3434 3346 3262 3182 3107 3034 2965 2900 2836 2776 2718 2663 2610 2558 2509 2462 2416 2372 2330 2289 2250 2211 2175 2139 2104 2071 
Osztói:8580038 4290019 2860013 2145010 1716008 1430006 1225720 1072505 953338 858004 780003 715003 660003 612860 572003 536252 504708 476669 451581 429002 408573 390002 373045 357502 343202 330001 317779 306430 295863 286001 276775 268126 260001 252354 245144 238334 231893 225790 220001 214501 209269 204287 199536 195001 190668 186523 182554 178751 175103 171601 168236 165001 161888 158890 156001 153215 150527 147932 145424 143001 140656 138388 136191 
Osztói:93748 46874 31249 23437 18750 15625 13393 11718 10416 9375 8523 7812 7211 6696 6250 5859 5515 5208 4934 4687 4464 4261 4076 3906 3750 3606 3472 3348 3233 3125 3024 2930 2841 2757 2679 2604 2534 2467 2404 2344 2287 2232 2180 2131 2083 2038 1995 1953 1913 1875 1838 1803 1769 1736 1705 1674 1645 1616 1589 1562 1537 1512 1488 
Osztói:159592 79796 53197 39898 31918 26599 22799 19949 17732 15959 14508 13299 12276 11399 10639 9974 9388 8866 8400 7980 7600 7254 6939 6650 6384 6138 5911 5700 5503 5320 5148 4987 4836 4694 4560 4433 4313 4200 4092 3990 3892 3800 3711 3627 3546 3469 3396 3325 3257 3192 3129 3069 3011 2955 2902 2850 2800 2752 2705 2660 2616 2574 2533 
Osztói:37573 18786 12524 9393 7515 6262 5368 4697 4175 3757 3416 3131 2890 2684 2505 2348 2210 2087 1978 1879 1789 1708 1634 1566 1503 1445 1392 1342 1296 1252 1212 1174 1139 1105 1074 1044 1015 989 963 939 916 895 874 854 835 817 799 783 767 751 737 723 709 696 683 671 659 648 637 626 616 606 596 
Osztói:36297 18148 12099 9074 7259 6050 5185 4537 4033 3630 3300 3025 2792 2593 2420 2269 2135 2016 1910 1815 1728 1650 1578 1512 1452 1396 1344 1296 1252 1210 1171 1134 1100 1068 1037 1008 981 955 931 907 885 864 844 825 807 789 772 756 741 726 712 698 685 672 660 648 637 626 615 605 595 585 576 
Osztói:17482 8741 5827 4370 3496 2914 2497 2185 1942 1748 1589 1457 1345 1249 1165 1093 1028 971 920 874 832 795 760 728 699 672 647 624 603 583 564 546 530 514 499 486 472 460 448 437 426 416 407 397 388 380 372 364 357 350 343 336 330 324 318 312 307 301 296 291 287 282 277 
Osztói:147826 73913 49275 36956 29565 24638 21118 18478 16425 14783 13439 12319 11371 10559 9855 9239 8696 8213 7780 7391 7039 6719 6427 6159 5913 5686 5475 5280 5097 4928 4769 4620 4480 4348 4224 4106 3995 3890 3790 3696 3606 3520 3438 3360 3285 3214 3145 3080 3017 2957 2899 2843 2789 2738 2688 2640 2593 2549 2506 2464 2423 2384 2346 
Osztói:42262 21131 14087 10566 8452 7044 6037 5283 4696 4226 3842 3522 3251 3019 2817 2641 2486 2348 2224 2113 2012 1921 1837 1761 1690 1625 1565 1509 1457 1409 1363 1321 1281 1243 1207 1174 1142 1112 1084 1057 1031 1006 983 960 939 919 899 880 862 845 829 813 797 783 768 755 741 729 716 704 693 682 671 
Osztói:58941 29470 19647 14735 11788 9824 8420 7368 6549 5894 5358 4912 4534 4210 3929 3684 3467 3274 3102 2947 2807 2679 2563 2456 2358 2267 2183 2105 2032 1965 1901 1842 1786 1734 1684 1637 1593 1551 1511 1474 1438 1403 1371 1340 1310 1281 1254 1228 1203 1179 1156 1133 1112 1092 1072 1053 1034 1016 999 982 966 951 936 
Osztói:178301 89150 59434 44575 35660 29717 25472 22288 19811 17830 16209 14858 13715 12736 11887 11144 10488 9906 9384 8915 8491 8105 7752 7429 7132 6858 6604 6368 6148 5943 5752 5572 5403 5244 5094 4953 4819 4692 4572 4458 4349 4245 4147 4052 3962 3876 3794 3715 3639 3566 3496 3429 3364 3302 3242 3184 3128 3074 3022 2972 2923 2876 2830 
Osztói:143241 71620 47747 35810 28648 23874 20463 17905 15916 14324 13022 11937 11019 10232 9549 8953 8426 7958 7539 7162 6821 6511 6228 5968 5730 5509 5305 5116 4939 4775 4621 4476 4341 4213 4093 3979 3871 3770 3673 3581 3494 3410 3331 3255 3183 3114 3048 2984 2923 2865 2809 2755 2703 2653 2604 2558 2513 2470 2428 2387 2348 2310 2274 
Osztói:58301 29150 19434 14575 11660 9717 8329 7288 6478 5830 5300 4858 4485 4164 3887 3644 3429 3239 3068 2915 2776 2650 2535 2429 2332 2242 2159 2082 2010 1943 1881 1822 1767 1715 1666 1619 1576 1534 1495 1458 1422 1388 1356 1325 1296 1267 1240 1215 1190 1166 1143 1121 1100 1080 1060 1041 1023 1005 988 972 956 940 925 
Osztói:174618 87309 58206 43654 34924 29103 24945 21827 19402 17462 15874 14552 13432 12473 11641 10914 10272 9701 9190 8731 8315 7937 7592 7276 6985 6716 6467 6236 6021 5821 5633 5457 5291 5136 4989 4850 4719 4595 4477 4365 4259 4158 4061 3969 3880 3796 3715 3638 3564 3492 3424 3358 3295 3234 3175 3118 3063 3011 2960 2910 2863 2816 2772 
Osztói:41546 20773 13849 10386 8309 6924 5935 5193 4616 4155 3777 3462 3196 2968 2770 2597 2444 2308 2187 2077 1978 1888 1806 1731 1662 1598 1539 1484 1433 1385 1340 1298 1259 1222 1187 1154 1123 1093 1065 1039 1013 989 966 944 923 903 884 866 848 831 815 799 784 769 755 742 729 716 704 692 681 670 659 
Osztói:60574 30287 20191 15144 12115 10096 8653 7572 6730 6057 5507 5048 4660 4327 4038 3786 3563 3365 3188 3029 2884 2753 2634 2524 2423 2330 2243 2163 2089 2019 1954 1893 1836 1782 1731 1683 1637 1594 1553 1514 1477 1442 1409 1377 1346 1317 1289 1262 1236 1211 1188 1165 1143 1122 1101 1082 1063 1044 1027 1010 993 977 961 
Osztói:108102 54051 36034 27026 21620 18017 15443 13513 12011 10810 9827 9008 8316 7722 7207 6756 6359 6006 5690 5405 5148 4914 4700 4504 4324 4158 4004 3861 3728 3603 3487 3378 3276 3179 3089 3003 2922 2845 2772 2703 2637 2574 2514 2457 2402 2350 2300 2252 2206 2162 2120 2079 2040 2002 1965 1930 1897 1864 1832 1802 1772 1744 1716 
Osztói:106517 53258 35506 26629 21303 17753 15217 13315 11835 10652 9683 8876 8194 7608 7101 6657 6266 5918 5606 5326 5072 4842 4631 4438 4261 4097 3945 3804 3673 3551 3436 3329 3228 3133 3043 2959 2879 2803 2731 2663 2598 2536 2477 2421 2367 2316 2266 2219 2174 2130 2089 2048 2010 1973 1937 1902 1869 1836 1805 1775 1746 1718 1691 
Osztói:83341 41670 27780 20835 16668 13890 11906 10418 9260 8334 7576 6945 6411 5953 5556 5209 4902 4630 4386 4167 3969 3788 3624 3473 3334 3205 3087 2976 2874 2778 2688 2604 2525 2451 2381 2315 2252 2193 2137 2084 2033 1984 1938 1894 1852 1812 1773 1736 1701 1667 1634 1603 1572 1543 1515 1488 1462 1437 1413 1389 1366 1344 1323 
Osztói:107501 53750 35834 26875 21500 17917 15357 13438 11945 10750 9773 8958 8269 7679 7167 6719 6324 5972 5658 5375 5119 4886 4674 4479 4300 4135 3982 3839 3707 3583 3468 3359 3258 3162 3071 2986 2905 2829 2756 2688 2622 2560 2500 2443 2389 2337 2287 2240 2194 2150 2108 2067 2028 1991 1955 1920 1886 1853 1822 1792 1762 1734 1706 
Osztói:156819 78410 52273 39205 31364 26136 22403 19602 17424 15682 14256 13068 12063 11201 10455 9801 9225 8712 8254 7841 7468 7128 6818 6534 6273 6032 5808 5601 5408 5227 5059 4901 4752 4612 4481 4356 4238 4127 4021 3920 3825 3734 3647 3564 3485 3409 3337 3267 3200 3136 3075 3016 2959 2904 2851 2800 2751 2704 2658 2614 2571 2529 2489 
Osztói:159418 79709 53139 39854 31884 26570 22774 19927 17713 15942 14493 13285 12263 11387 10628 9964 9378 8857 8390 7971 7591 7246 6931 6642 6377 6131 5904 5694 5497 5314 5143 4982 4831 4689 4555 4428 4309 4195 4088 3985 3888 3796 3707 3623 3543 3466 3392 3321 3253 3188 3126 3066 3008 2952 2899 2847 2797 2749 2702 2657 2613 2571 2530 
Osztói:87760 43880 29253 21940 17552 14627 12537 10970 9751 8776 7978 7313 6751 6269 5851 5485 5162 4876 4619 4388 4179 3989 3816 3657 3510 3375 3250 3134 3026 2925 2831 2742 2659 2581 2507 2438 2372 2309 2250 2194 2140 2090 2041 1995 1950 1908 1867 1828 1791 1755 1721 1688 1656 1625 1596 1567 1540 1513 1487 1463 1439 1415 1393 
Osztói:21774 10887 7258 5444 4355 3629 3111 2722 2419 2177 1979 1814 1675 1555 1452 1361 1281 1210 1146 1089 1037 990 947 907 871 837 806 778 751 726 702 680 660 640 622 605 588 573 558 544 531 518 506 495 484 473 463 454 444 435 427 419 411 403 396 389 382 375 369 363 357 351 346 
Osztói:21661 10830 7220 5415 4332 3610 3094 2708 2407 2166 1969 1805 1666 1547 1444 1354 1274 1203 1140 1083 1031 985 942 903 866 833 802 774 747 722 699 677 656 637 619 602 585 570 555 542 528 516 504 492 481 471 461 451 442 433 425 417 409 401 394 387 380 373 367 361 355 349 344 
Osztói:66934 33467 22311 16734 13387 11156 9562 8367 7437 6693 6085 5578 5149 4781 4462 4183 3937 3719 3523 3347 3187 3042 2910 2789 2677 2574 2479 2390 2308 2231 2159 2092 2028 1969 1912 1859 1809 1761 1716 1673 1633 1594 1557 1521 1487 1455 1424 1394 1366 1339 1312 1287 1263 1240 1217 1195 1174 1154 1134 1116 1097 1080 1062 
Osztói:60129 30064 20043 15032 12026 10022 8590 7516 6681 6013 5466 5011 4625 4295 4009 3758 3537 3340 3165 3006 2863 2733 2614 2505 2405 2313 2227 2147 2073 2004 1940 1879 1822 1768 1718 1670 1625 1582 1542 1503 1467 1432 1398 1367 1336 1307 1279 1253 1227 1203 1179 1156 1135 1114 1093 1074 1055 1037 1019 1002 986 970 954 
Osztói:198531 99266 66177 49633 39706 33088 28362 24816 22059 19853 18048 16544 15272 14181 13235 12408 11678 11030 10449 9927 9454 9024 8632 8272 7941 7636 7353 7090 6846 6618 6404 6204 6016 5839 5672 5515 5366 5224 5091 4963 4842 4727 4617 4512 4412 4316 4224 4136 4052 3971 3893 3818 3746 3676 3610 3545 3483 3423 3365 3309 3255 3202 3151 
Osztói:34353 17176 11451 8588 6871 5726 4908 4294 3817 3435 3123 2863 2643 2454 2290 2147 2021 1908 1808 1718 1636 1562 1494 1431 1374 1321 1272 1227 1185 1145 1108 1074 1041 1010 982 954 928 904 881 859 838 818 799 781 763 747 731 716 701 687 674 661 648 636 625 613 603 592 582 573 563 554 545 
Osztói:27810 13905 9270 6952 5562 4635 3973 3476 3090 2781 2528 2318 2139 1986 1854 1738 1636 1545 1464 1390 1324 1264 1209 1159 1112 1070 1030 993 959 927 897 869 843 818 795 772 752 732 713 695 678 662 647 632 618 605 592 579 568 556 545 535 525 515 506 497 488 479 471 464 456 449 441 
Osztói:165740 82870 55247 41435 33148 27623 23677 20718 18416 16574 15067 13812 12749 11839 11049 10359 9749 9208 8723 8287 7892 7534 7206 6906 6630 6375 6139 5919 5715 5525 5346 5179 5022 4875 4735 4604 4479 4362 4250 4144 4042 3946 3854 3767 3683 3603 3526 3453 3382 3315 3250 3187 3127 3069 3013 2960 2908 2858 2809 2762 2717 2673 2631 
Osztói:194882 97441 64961 48720 38976 32480 27840 24360 21654 19488 17717 16240 14991 13920 12992 12180 11464 10827 10257 9744 9280 8858 8473 8120 7795 7495 7218 6960 6720 6496 6287 6090 5906 5732 5568 5413 5267 5128 4997 4872 4753 4640 4532 4429 4331 4237 4146 4060 3977 3898 3821 3748 3677 3609 3543 3480 3419 3360 3303 3248 3195 3143 3093 
Osztói:120920 60460 40307 30230 24184 20153 17274 15115 13436 12092 10993 10077 9302 8637 8061 7558 7113 6718 6364 6046 5758 5496 5257 5038 4837 4651 4479 4319 4170 4031 3901 3779 3664 3556 3455 3359 3268 3182 3101 3023 2949 2879 2812 2748 2687 2629 2573 2519 2468 2418 2371 2325 2282 2239 2199 2159 2121 2085 2049 2015 1982 1950 1919 
Osztói:6550 3275 2183 1638 1310 1092 936 819 728 655 595 546 504 468 437 409 385 364 345 328 312 298 285 273 262 252 243 234 226 218 211 205 198 193 187 182 177 172 168 164 160 156 152 149 146 142 139 136 134 131 128 126 124 121 119 117 115 113 111 109 107 106 104 
Osztói:136160 68080 45387 34040 27232 22693 19451 17020 15129 13616 12378 11347 10474 9726 9077 8510 8009 7564 7166 6808 6484 6189 5920 5673 5446 5237 5043 4863 4695 4539 4392 4255 4126 4005 3890 3782 3680 3583 3491 3404 3321 3242 3167 3095 3026 2960 2897 2837 2779 2723 2670 2618 2569 2521 2476 2431 2389 2348 2308 2269 2232 2196 2161 
Osztói:9363964 4681982 3121321 2340991 1872793 1560661 1337709 1170496 1040440 936396 851269 780330 720305 668855 624264 585248 550821 520220 492840 468198 445903 425635 407129 390165 374559 360152 346813 334427 322895 312132 302063 292624 283756 275411 267542 260110 253080 246420 240102 234099 228389 222952 217767 212817 208088 203564 199233 195083 191101 187279 183607 180076 176679 173407 170254 167214 164280 161448 158711 156066 153508 151032 148634 
Osztói:131038 65519 43679 32760 26208 21840 18720 16380 14560 13104 11913 10920 10080 9360 8736 8190 7708 7280 6897 6552 6240 5956 5697 5460 5242 5040 4853 4680 4519 4368 4227 4095 3971 3854 3744 3640 3542 3448 3360 3276 3196 3120 3047 2978 2912 2849 2788 2730 2674 2621 2569 2520 2472 2427 2383 2340 2299 2259 2221 2184 2148 2114 2080 
