63
Párt1 0 128893 5
Párt2 1 119649 5
Párt3 1 55756 15
Párt4 1 2303 10
Párt5 1 98198 10
Párt6 0 23052 5
Párt7 0 128076 10
Párt8 0 151611 10
Párt9 1 95670 10
Párt10 0 11942 5
Párt11 1 5131 5
Párt12 1 151751 10
Párt13 1 94381 10
Párt14 0 7190897 10
Párt15 1 65836 5
Párt16 1 171635 5
Párt17 1 195067 15
Párt18 1 38417 10
Párt19 1 25011 10
Párt20 1 98429 10
Párt21 0 129617 10
Párt22 1 114813 10
Párt23 1 138888 10
Párt24 1 96386 5
Párt25 1 110506 10
Párt26 1 81019 10
Párt27 1 10545 5
Párt28 1 2739 10
Párt29 0 106854 5
Párt30 1 57965 5
Párt31 1 39924 10
Párt32 0 4402 5
Párt33 0 165458 10
Párt34 0 94746 10
Párt35 0 121162 5
Párt36 1 48841 10
Párt37 1 58298 5
Párt38 1 194852 5
Párt39 1 177757 5
Párt40 1 162623 10
Párt41 0 82759 10
Párt42 0 161393 5
Párt43 0 98459 5
Párt44 0 130267 10
Párt45 0 12898 10
Párt46 0 34294 10
Párt47 0 76691 10
Párt48 1 68319 5
Párt49 0 194071 5
Párt50 1 120051 5
Párt51 1 14220 10
Párt52 0 94330 10
Párt53 0 24813 10
Párt54 1 160863 5
Párt55 1 120652 15
Párt56 1 161229 10
Párt57 1 32565 10
Párt58 1 121296 10
Párt59 1 131424 10
Párt60 1 86287 5
Párt61 1 87248 5
