3választás
Osztói:128893 64446 42964 32223 25779 21482 18413 16112 14321 12889 11718 10741 9915 9207 8593 8056 7582 7161 6784 6445 6138 5859 5604 5371 5156 4957 4774 4603 4445 4296 4158 4028 3906 3791 3683 3580 3484 3392 3305 3222 3144 3069 2998 2929 2864 2802 2742 2685 2630 2578 2527 2479 2432 2387 2344 2302 2261 2222 2185 2148 2113 2079 2046 
Osztói:119649 59824 39883 29912 23930 19942 17093 14956 13294 11965 10877 9971 9204 8546 7977 7478 7038 6647 6297 5982 5698 5439 5202 4985 4786 4602 4431 4273 4126 3988 3860 3739 3626 3519 3419 3324 3234 3149 3068 2991 2918 2849 2783 2719 2659 2601 2546 2493 2442 2393 2346 2301 2258 2216 2175 2137 2099 2063 2028 1994 1961 1930 1899 
Osztói:55756 27878 18585 13939 11151 9293 7965 6970 6195 5576 5069 4646 4289 3983 3717 3485 3280 3098 2935 2788 2655 2534 2424 2323 2230 2144 2065 1991 1923 1859 1799 1742 1690 1640 1593 1549 1507 1467 1430 1394 1360 1328 1297 1267 1239 1212 1186 1162 1138 1115 1093 1072 1052 1033 1014 996 978 961 945 929 914 899 885 
Osztói:2303 1152 768 576 461 384 329 288 256 230 209 192 177 164 154 144 135 128 121 115 110 105 100 96 92 89 85 82 79 77 74 72 70 68 66 64 62 61 59 58 56 55 54 52 51 50 49 48 47 46 45 44 43 43 42 41 40 40 39 38 38 37 37 
Osztói:98198 49099 32733 24550 19640 16366 14028 12275 10911 9820 8927 8183 7554 7014 6547 6137 5776 5455 5168 4910 4676 4464 4269 4092 3928 3777 3637 3507 3386 3273 3168 3069 2976 2888 2806 2728 2654 2584 2518 2455 2395 2338 2284 2232 2182 2135 2089 2046 2004 1964 1925 1888 1853 1818 1785 1754 1723 1693 1664 1637 1610 1584 1559 
Osztói:23052 11526 7684 5763 4610 3842 3293 2882 2561 2305 2096 1921 1773 1647 1537 1441 1356 1281 1213 1153 1098 1048 1002 960 922 887 854 823 795 768 744 720 699 678 659 640 623 607 591 576 562 549 536 524 512 501 490 480 470 461 452 443 435 427 419 412 404 397 391 384 378 372 366 
Osztói:128076 64038 42692 32019 25615 21346 18297 16010 14231 12808 11643 10673 9852 9148 8538 8005 7534 7115 6741 6404 6099 5822 5569 5336 5123 4926 4744 4574 4416 4269 4131 4002 3881 3767 3659 3558 3462 3370 3284 3202 3124 3049 2979 2911 2846 2784 2725 2668 2614 2562 2511 2463 2417 2372 2329 2287 2247 2208 2171 2135 2100 2066 2033 
Osztói:151611 75806 50537 37903 30322 25268 21659 18951 16846 15161 13783 12634 11662 10829 10107 9476 8918 8423 7980 7581 7220 6891 6592 6317 6064 5831 5615 5415 5228 5054 4891 4738 4594 4459 4332 4211 4098 3990 3887 3790 3698 3610 3526 3446 3369 3296 3226 3159 3094 3032 2973 2916 2861 2808 2757 2707 2660 2614 2570 2527 2485 2445 2407 
Osztói:95670 47835 31890 23918 19134 15945 13667 11959 10630 9567 8697 7972 7359 6834 6378 5979 5628 5315 5035 4784 4556 4349 4160 3986 3827 3680 3543 3417 3299 3189 3086 2990 2899 2814 2733 2658 2586 2518 2453 2392 2333 2278 2225 2174 2126 2080 2036 1993 1952 1913 1876 1840 1805 1772 1739 1708 1678 1649 1622 1594 1568 1543 1519 
Osztói:11942 5971 3981 2986 2388 1990 1706 1493 1327 1194 1086 995 919 853 796 746 702 663 629 597 569 543 519 498 478 459 442 426 412 398 385 373 362 351 341 332 323 314 306 299 291 284 278 271 265 260 254 249 244 239 234 230 225 221 217 213 210 206 202 199 196 193 190 
Osztói:5131 2566 1710 1283 1026 855 733 641 570 513 466 428 395 366 342 321 302 285 270 257 244 233 223 214 205 197 190 183 177 171 166 160 155 151 147 143 139 135 132 128 125 122 119 117 114 112 109 107 105 103 101 99 97 95 93 92 90 88 87 86 84 83 81 
Osztói:151751 75876 50584 37938 30350 25292 21679 18969 16861 15175 13796 12646 11673 10839 10117 9484 8927 8431 7987 7588 7226 6898 6598 6323 6070 5837 5620 5420 5233 5058 4895 4742 4599 4463 4336 4215 4101 3993 3891 3794 3701 3613 3529 3449 3372 3299 3229 3161 3097 3035 2976 2918 2863 2810 2759 2710 2662 2616 2572 2529 2488 2448 2409 
Osztói:94381 47190 31460 23595 18876 15730 13483 11798 10487 9438 8580 7865 7260 6742 6292 5899 5552 5243 4967 4719 4494 4290 4104 3933 3775 3630 3496 3371 3255 3146 3045 2949 2860 2776 2697 2622 2551 2484 2420 2360 2302 2247 2195 2145 2097 2052 2008 1966 1926 1888 1851 1815 1781 1748 1716 1685 1656 1627 1600 1573 1547 1522 1498 
Osztói:7190897 3595448 2396966 1797724 1438179 1198483 1027271 898862 798989 719090 653718 599241 553146 513636 479393 449431 422994 399494 378468 359545 342424 326859 312648 299621 287636 276573 266330 256818 247962 239697 231964 224716 217906 211497 205454 199747 194349 189234 184382 179772 175388 171212 167230 163429 159798 156324 152998 149810 146753 143818 140998 138286 135677 133165 130744 128409 126156 123981 121880 119848 117884 115982 114141 
Osztói:65836 32918 21945 16459 13167 10973 9405 8230 7315 6584 5985 5486 5064 4703 4389 4115 3873 3658 3465 3292 3135 2993 2862 2743 2633 2532 2438 2351 2270 2195 2124 2057 1995 1936 1881 1829 1779 1733 1688 1646 1606 1568 1531 1496 1463 1431 1401 1372 1344 1317 1291 1266 1242 1219 1197 1176 1155 1135 1116 1097 1079 1062 1045 
Osztói:171635 85818 57212 42909 34327 28606 24519 21454 19071 17164 15603 14303 13203 12260 11442 10727 10096 9535 9033 8582 8173 7802 7462 7151 6865 6601 6357 6130 5918 5721 5537 5364 5201 5048 4904 4768 4639 4517 4401 4291 4186 4087 3992 3901 3814 3731 3652 3576 3503 3433 3365 3301 3238 3178 3121 3065 3011 2959 2909 2861 2814 2768 2724 
Osztói:195067 97534 65022 48767 39013 32511 27867 24383 21674 19507 17733 16256 15005 13933 13004 12192 11475 10837 10267 9753 9289 8867 8481 8128 7803 7503 7225 6967 6726 6502 6292 6096 5911 5737 5573 5419 5272 5133 5002 4877 4758 4644 4536 4433 4335 4241 4150 4064 3981 3901 3825 3751 3681 3612 3547 3483 3422 3363 3306 3251 3198 3146 3096 
Osztói:38417 19208 12806 9604 7683 6403 5488 4802 4269 3842 3492 3201 2955 2744 2561 2401 2260 2134 2022 1921 1829 1746 1670 1601 1537 1478 1423 1372 1325 1281 1239 1201 1164 1130 1098 1067 1038 1011 985 960 937 915 893 873 854 835 817 800 784 768 753 739 725 711 698 686 674 662 651 640 630 620 610 
Osztói:25011 12506 8337 6253 5002 4168 3573 3126 2779 2501 2274 2084 1924 1786 1667 1563 1471 1390 1316 1251 1191 1137 1087 1042 1000 962 926 893 862 834 807 782 758 736 715 695 676 658 641 625 610 596 582 568 556 544 532 521 510 500 490 481 472 463 455 447 439 431 424 417 410 403 397 
Osztói:98429 49214 32810 24607 19686 16405 14061 12304 10937 9843 8948 8202 7571 7031 6562 6152 5790 5468 5180 4921 4687 4474 4280 4101 3937 3786 3646 3515 3394 3281 3175 3076 2983 2895 2812 2734 2660 2590 2524 2461 2401 2344 2289 2237 2187 2140 2094 2051 2009 1969 1930 1893 1857 1823 1790 1758 1727 1697 1668 1640 1614 1588 1562 
Osztói:129617 64808 43206 32404 25923 21603 18517 16202 14402 12962 11783 10801 9971 9258 8641 8101 7625 7201 6822 6481 6172 5892 5636 5401 5185 4985 4801 4629 4470 4321 4181 4051 3928 3812 3703 3600 3503 3411 3324 3240 3161 3086 3014 2946 2880 2818 2758 2700 2645 2592 2542 2493 2446 2400 2357 2315 2274 2235 2197 2160 2125 2091 2057 
Osztói:114813 57406 38271 28703 22963 19136 16402 14352 12757 11481 10438 9568 8832 8201 7654 7176 6754 6378 6043 5741 5467 5219 4992 4784 4593 4416 4252 4100 3959 3827 3704 3588 3479 3377 3280 3189 3103 3021 2944 2870 2800 2734 2670 2609 2551 2496 2443 2392 2343 2296 2251 2208 2166 2126 2088 2050 2014 1980 1946 1914 1882 1852 1822 
Osztói:138888 69444 46296 34722 27778 23148 19841 17361 15432 13889 12626 11574 10684 9921 9259 8680 8170 7716 7310 6944 6614 6313 6039 5787 5556 5342 5144 4960 4789 4630 4480 4340 4209 4085 3968 3858 3754 3655 3561 3472 3388 3307 3230 3157 3086 3019 2955 2894 2834 2778 2723 2671 2621 2572 2525 2480 2437 2395 2354 2315 2277 2240 2205 
Osztói:96386 48193 32129 24096 19277 16064 13769 12048 10710 9639 8762 8032 7414 6885 6426 6024 5670 5355 5073 4819 4590 4381 4191 4016 3855 3707 3570 3442 3324 3213 3109 3012 2921 2835 2754 2677 2605 2536 2471 2410 2351 2295 2242 2191 2142 2095 2051 2008 1967 1928 1890 1854 1819 1785 1752 1721 1691 1662 1634 1606 1580 1555 1530 
Osztói:110506 55253 36835 27626 22101 18418 15787 13813 12278 11051 10046 9209 8500 7893 7367 6907 6500 6139 5816 5525 5262 5023 4805 4604 4420 4250 4093 3947 3811 3684 3565 3453 3349 3250 3157 3070 2987 2908 2833 2763 2695 2631 2570 2512 2456 2402 2351 2302 2255 2210 2167 2125 2085 2046 2009 1973 1939 1905 1873 1842 1812 1782 1754 
Osztói:81019 40510 27006 20255 16204 13503 11574 10127 9002 8102 7365 6752 6232 5787 5401 5064 4766 4501 4264 4051 3858 3683 3523 3376 3241 3116 3001 2894 2794 2701 2614 2532 2455 2383 2315 2251 2190 2132 2077 2025 1976 1929 1884 1841 1800 1761 1724 1688 1653 1620 1589 1558 1529 1500 1473 1447 1421 1397 1373 1350 1328 1307 1286 
Osztói:10545 5272 3515 2636 2109 1758 1506 1318 1172 1054 959 879 811 753 703 659 620 586 555 527 502 479 458 439 422 406 391 377 364 352 340 330 320 310 301 293 285 278 270 264 257 251 245 240 234 229 224 220 215 211 207 203 199 195 192 188 185 182 179 176 173 170 167 
Osztói:2739 1370 913 685 548 456 391 342 304 274 249 228 211 196 183 171 161 152 144 137 130 124 119 114 110 105 101 98 94 91 88 86 83 81 78 76 74 72 70 68 67 65 64 62 61 60 58 57 56 55 54 53 52 51 50 49 48 47 46 46 45 44 43 
Osztói:106854 53427 35618 26714 21371 17809 15265 13357 11873 10685 9714 8904 8220 7632 7124 6678 6286 5936 5624 5343 5088 4857 4646 4452 4274 4110 3958 3816 3685 3562 3447 3339 3238 3143 3053 2968 2888 2812 2740 2671 2606 2544 2485 2428 2375 2323 2273 2226 2181 2137 2095 2055 2016 1979 1943 1908 1875 1842 1811 1781 1752 1723 1696 
Osztói:57965 28982 19322 14491 11593 9661 8281 7246 6441 5796 5270 4830 4459 4140 3864 3623 3410 3220 3051 2898 2760 2635 2520 2415 2319 2229 2147 2070 1999 1932 1870 1811 1757 1705 1656 1610 1567 1525 1486 1449 1414 1380 1348 1317 1288 1260 1233 1208 1183 1159 1137 1115 1094 1073 1054 1035 1017 999 982 966 950 935 920 
Osztói:39924 19962 13308 9981 7985 6654 5703 4990 4436 3992 3629 3327 3071 2852 2662 2495 2348 2218 2101 1996 1901 1815 1736 1664 1597 1536 1479 1426 1377 1331 1288 1248 1210 1174 1141 1109 1079 1051 1024 998 974 951 928 907 887 868 849 832 815 798 783 768 753 739 726 713 700 688 677 665 654 644 634 
Osztói:4402 2201 1467 1100 880 734 629 550 489 440 400 367 339 314 293 275 259 245 232 220 210 200 191 183 176 169 163 157 152 147 142 138 133 129 126 122 119 116 113 110 107 105 102 100 98 96 94 92 90 88 86 85 83 82 80 79 77 76 75 73 72 71 70 
Osztói:165458 82729 55153 41364 33092 27576 23637 20682 18384 16546 15042 13788 12728 11818 11031 10341 9733 9192 8708 8273 7879 7521 7194 6894 6618 6364 6128 5909 5705 5515 5337 5171 5014 4866 4727 4596 4472 4354 4243 4136 4036 3939 3848 3760 3677 3597 3520 3447 3377 3309 3244 3182 3122 3064 3008 2955 2903 2853 2804 2758 2712 2669 2626 
Osztói:94746 47373 31582 23686 18949 15791 13535 11843 10527 9475 8613 7896 7288 6768 6316 5922 5573 5264 4987 4737 4512 4307 4119 3948 3790 3644 3509 3384 3267 3158 3056 2961 2871 2787 2707 2632 2561 2493 2429 2369 2311 2256 2203 2153 2105 2060 2016 1974 1934 1895 1858 1822 1788 1755 1723 1692 1662 1634 1606 1579 1553 1528 1504 
Osztói:121162 60581 40387 30290 24232 20194 17309 15145 13462 12116 11015 10097 9320 8654 8077 7573 7127 6731 6377 6058 5770 5507 5268 5048 4846 4660 4487 4327 4178 4039 3908 3786 3672 3564 3462 3366 3275 3188 3107 3029 2955 2885 2818 2754 2692 2634 2578 2524 2473 2423 2376 2330 2286 2244 2203 2164 2126 2089 2054 2019 1986 1954 1923 
Osztói:48841 24420 16280 12210 9768 8140 6977 6105 5427 4884 4440 4070 3757 3489 3256 3053 2873 2713 2571 2442 2326 2220 2124 2035 1954 1878 1809 1744 1684 1628 1576 1526 1480 1436 1395 1357 1320 1285 1252 1221 1191 1163 1136 1110 1085 1062 1039 1018 997 977 958 939 922 904 888 872 857 842 828 814 801 788 775 
Osztói:58298 29149 19433 14574 11660 9716 8328 7287 6478 5830 5300 4858 4484 4164 3887 3644 3429 3239 3068 2915 2776 2650 2535 2429 2332 2242 2159 2082 2010 1943 1881 1822 1767 1715 1666 1619 1576 1534 1495 1457 1422 1388 1356 1325 1296 1267 1240 1215 1190 1166 1143 1121 1100 1080 1060 1041 1023 1005 988 972 956 940 925 
Osztói:194852 97426 64951 48713 38970 32475 27836 24356 21650 19485 17714 16238 14989 13918 12990 12178 11462 10825 10255 9743 9279 8857 8472 8119 7794 7494 7217 6959 6719 6495 6286 6089 5905 5731 5567 5413 5266 5128 4996 4871 4752 4639 4531 4428 4330 4236 4146 4059 3977 3897 3821 3747 3676 3608 3543 3480 3418 3360 3303 3248 3194 3143 3093 
Osztói:177757 88878 59252 44439 35551 29626 25394 22220 19751 17776 16160 14813 13674 12697 11850 11110 10456 9875 9356 8888 8465 8080 7729 7407 7110 6837 6584 6348 6130 5925 5734 5555 5387 5228 5079 4938 4804 4678 4558 4444 4336 4232 4134 4040 3950 3864 3782 3703 3628 3555 3485 3418 3354 3292 3232 3174 3119 3065 3013 2963 2914 2867 2822 
Osztói:162623 81312 54208 40656 32525 27104 23232 20328 18069 16262 14784 13552 12509 11616 10842 10164 9566 9035 8559 8131 7744 7392 7071 6776 6505 6255 6023 5808 5608 5421 5246 5082 4928 4783 4646 4517 4395 4280 4170 4066 3966 3872 3782 3696 3614 3535 3460 3388 3319 3252 3189 3127 3068 3012 2957 2904 2853 2804 2756 2710 2666 2623 2581 
Osztói:82759 41380 27586 20690 16552 13793 11823 10345 9195 8276 7524 6897 6366 5911 5517 5172 4868 4598 4356 4138 3941 3762 3598 3448 3310 3183 3065 2956 2854 2759 2670 2586 2508 2434 2365 2299 2237 2178 2122 2069 2019 1970 1925 1881 1839 1799 1761 1724 1689 1655 1623 1592 1561 1533 1505 1478 1452 1427 1403 1379 1357 1335 1314 
Osztói:161393 80696 53798 40348 32279 26899 23056 20174 17933 16139 14672 13449 12415 11528 10760 10087 9494 8966 8494 8070 7685 7336 7017 6725 6456 6207 5978 5764 5565 5380 5206 5044 4891 4747 4611 4483 4362 4247 4138 4035 3936 3843 3753 3668 3587 3509 3434 3362 3294 3228 3165 3104 3045 2989 2934 2882 2831 2783 2735 2690 2646 2603 2562 
Osztói:98459 49230 32820 24615 19692 16410 14066 12307 10940 9846 8951 8205 7574 7033 6564 6154 5792 5470 5182 4923 4689 4475 4281 4102 3938 3787 3647 3516 3395 3282 3176 3077 2984 2896 2813 2735 2661 2591 2525 2461 2401 2344 2290 2238 2188 2140 2095 2051 2009 1969 1931 1893 1858 1823 1790 1758 1727 1698 1669 1641 1614 1588 1563 
Osztói:130267 65134 43422 32567 26053 21711 18610 16283 14474 13027 11842 10856 10021 9305 8684 8142 7663 7237 6856 6513 6203 5921 5664 5428 5211 5010 4825 4652 4492 4342 4202 4071 3947 3831 3722 3619 3521 3428 3340 3257 3177 3102 3029 2961 2895 2832 2772 2714 2659 2605 2554 2505 2458 2412 2368 2326 2285 2246 2208 2171 2136 2101 2068 
Osztói:12898 6449 4299 3224 2580 2150 1843 1612 1433 1290 1173 1075 992 921 860 806 759 717 679 645 614 586 561 537 516 496 478 461 445 430 416 403 391 379 369 358 349 339 331 322 315 307 300 293 287 280 274 269 263 258 253 248 243 239 235 230 226 222 219 215 211 208 205 
Osztói:34294 17147 11431 8574 6859 5716 4899 4287 3810 3429 3118 2858 2638 2450 2286 2143 2017 1905 1805 1715 1633 1559 1491 1429 1372 1319 1270 1225 1183 1143 1106 1072 1039 1009 980 953 927 902 879 857 836 817 798 779 762 746 730 714 700 686 672 660 647 635 624 612 602 591 581 572 562 553 544 
Osztói:76691 38346 25564 19173 15338 12782 10956 9586 8521 7669 6972 6391 5899 5478 5113 4793 4511 4261 4036 3835 3652 3486 3334 3195 3068 2950 2840 2739 2645 2556 2474 2397 2324 2256 2191 2130 2073 2018 1966 1917 1871 1826 1784 1743 1704 1667 1632 1598 1565 1534 1504 1475 1447 1420 1394 1369 1345 1322 1300 1278 1257 1237 1217 
Osztói:68319 34160 22773 17080 13664 11386 9760 8540 7591 6832 6211 5693 5255 4880 4555 4270 4019 3796 3596 3416 3253 3105 2970 2847 2733 2628 2530 2440 2356 2277 2204 2135 2070 2009 1952 1898 1846 1798 1752 1708 1666 1627 1589 1553 1518 1485 1454 1423 1394 1366 1340 1314 1289 1265 1242 1220 1199 1178 1158 1139 1120 1102 1084 
Osztói:194071 97036 64690 48518 38814 32345 27724 24259 21563 19407 17643 16173 14929 13862 12938 12129 11416 10782 10214 9704 9241 8821 8438 8086 7763 7464 7188 6931 6692 6469 6260 6065 5881 5708 5545 5391 5245 5107 4976 4852 4733 4621 4513 4411 4313 4219 4129 4043 3961 3881 3805 3732 3662 3594 3529 3466 3405 3346 3289 3235 3181 3130 3080 
Osztói:120051 60026 40017 30013 24010 20008 17150 15006 13339 12005 10914 10004 9235 8575 8003 7503 7062 6670 6318 6003 5717 5457 5220 5002 4802 4617 4446 4288 4140 4002 3873 3752 3638 3531 3430 3335 3245 3159 3078 3001 2928 2858 2792 2728 2668 2610 2554 2501 2450 2401 2354 2309 2265 2223 2183 2144 2106 2070 2035 2001 1968 1936 1906 
Osztói:14220 7110 4740 3555 2844 2370 2031 1778 1580 1422 1293 1185 1094 1016 948 889 836 790 748 711 677 646 618 592 569 547 527 508 490 474 459 444 431 418 406 395 384 374 365 356 347 339 331 323 316 309 303 296 290 284 279 273 268 263 259 254 249 245 241 237 233 229 226 
Osztói:94330 47165 31443 23582 18866 15722 13476 11791 10481 9433 8575 7861 7256 6738 6289 5896 5549 5241 4965 4716 4492 4288 4101 3930 3773 3628 3494 3369 3253 3144 3043 2948 2858 2774 2695 2620 2549 2482 2419 2358 2301 2246 2194 2144 2096 2051 2007 1965 1925 1887 1850 1814 1780 1747 1715 1684 1655 1626 1599 1572 1546 1521 1497 
Osztói:24813 12406 8271 6203 4963 4136 3545 3102 2757 2481 2256 2068 1909 1772 1654 1551 1460 1378 1306 1241 1182 1128 1079 1034 993 954 919 886 856 827 800 775 752 730 709 689 671 653 636 620 605 591 577 564 551 539 528 517 506 496 487 477 468 460 451 443 435 428 421 414 407 400 394 
Osztói:160863 80432 53621 40216 32173 26810 22980 20108 17874 16086 14624 13405 12374 11490 10724 10054 9463 8937 8466 8043 7660 7312 6994 6703 6435 6187 5958 5745 5547 5362 5189 5027 4875 4731 4596 4468 4348 4233 4125 4022 3923 3830 3741 3656 3575 3497 3423 3351 3283 3217 3154 3094 3035 2979 2925 2873 2822 2774 2726 2681 2637 2595 2553 
Osztói:120652 60326 40217 30163 24130 20109 17236 15082 13406 12065 10968 10054 9281 8618 8043 7541 7097 6703 6350 6033 5745 5484 5246 5027 4826 4640 4469 4309 4160 4022 3892 3770 3656 3549 3447 3351 3261 3175 3094 3016 2943 2873 2806 2742 2681 2623 2567 2514 2462 2413 2366 2320 2276 2234 2194 2154 2117 2080 2045 2011 1978 1946 1915 
Osztói:161229 80614 53743 40307 32246 26872 23033 20154 17914 16123 14657 13436 12402 11516 10749 10077 9484 8957 8486 8061 7678 7329 7010 6718 6449 6201 5971 5758 5560 5374 5201 5038 4886 4742 4607 4479 4358 4243 4134 4031 3932 3839 3750 3664 3583 3505 3430 3359 3290 3225 3161 3101 3042 2986 2931 2879 2829 2780 2733 2687 2643 2600 2559 
Osztói:32565 16282 10855 8141 6513 5428 4652 4071 3618 3256 2960 2714 2505 2326 2171 2035 1916 1809 1714 1628 1551 1480 1416 1357 1303 1252 1206 1163 1123 1086 1050 1018 987 958 930 905 880 857 835 814 794 775 757 740 724 708 693 678 665 651 639 626 614 603 592 582 571 561 552 543 534 525 517 
Osztói:121296 60648 40432 30324 24259 20216 17328 15162 13477 12130 11027 10108 9330 8664 8086 7581 7135 6739 6384 6065 5776 5513 5274 5054 4852 4665 4492 4332 4183 4043 3913 3790 3676 3568 3466 3369 3278 3192 3110 3032 2958 2888 2821 2757 2695 2637 2581 2527 2475 2426 2378 2333 2289 2246 2205 2166 2128 2091 2056 2022 1988 1956 1925 
Osztói:131424 65712 43808 32856 26285 21904 18775 16428 14603 13142 11948 10952 10110 9387 8762 8214 7731 7301 6917 6571 6258 5974 5714 5476 5257 5055 4868 4694 4532 4381 4239 4107 3983 3865 3755 3651 3552 3459 3370 3286 3205 3129 3056 2987 2921 2857 2796 2738 2682 2628 2577 2527 2480 2434 2390 2347 2306 2266 2228 2190 2154 2120 2086 
Osztói:86287 43144 28762 21572 17257 14381 12327 10786 9587 8629 7844 7191 6637 6163 5752 5393 5076 4794 4541 4314 4109 3922 3752 3595 3451 3319 3196 3082 2975 2876 2783 2696 2615 2538 2465 2397 2332 2271 2212 2157 2105 2054 2007 1961 1917 1876 1836 1798 1761 1726 1692 1659 1628 1598 1569 1541 1514 1488 1462 1438 1415 1392 1370 
Osztói:87248 43624 29083 21812 17450 14541 12464 10906 9694 8725 7932 7271 6711 6232 5817 5453 5132 4847 4592 4362 4155 3966 3793 3635 3490 3356 3231 3116 3009 2908 2814 2726 2644 2566 2493 2424 2358 2296 2237 2181 2128 2077 2029 1983 1939 1897 1856 1818 1781 1745 1711 1678 1646 1616 1586 1558 1531 1504 1479 1454 1430 1407 1385 
